1369387596.594661 1 145 624 46
1369387597.598650 1 109 313 100
1369387598.602657 1 86 260 100
1369387599.606654 2 131 399 100
1369387600.610659 1 82 314 100
1369387601.614652 2 105 269 100
1369387602.618694 1 113 461 100
1369387603.622652 2 139 362 100
1369387604.626649 1 61 181 100
1369387605.630652 1 89 281 100
1369387606.634644 1 116 434 100
1369387607.638666 1 100 309 100
1369387608.642638 1 82 344 100
1369387609.646663 2 168 630 100
1369387610.650652 1 73 236 100
1369387611.654668 1 65 221 100
1369387612.658668 1 93 256 100
1369387613.662654 1 65 232 100
1369387614.666658 1 86 376 100
1369387615.670661 1 103 383 100
1369387616.674673 2 201 627 100
1369387617.678659 1 112 339 100
1369387618.682669 1 63 156 100
1369387619.686644 1 132 358 100
1369387620.690672 1 83 276 100
1369387621.694677 1 118 423 100
1369387622.698665 1 69 179 100
1369387623.702674 2 91 316 100
1369387624.706654 1 66 185 100
1369387625.710644 1 64 266 100
1369387626.714672 1 53 195 100
1369387627.718666 2 68 234 100
1369387628.722657 2 109 439 100
1369387629.726665 1 95 251 100
1369387630.730667 1 76 258 100
1369387631.734654 1 97 274 100
1369387632.738670 2 146 463 100
1369387633.742700 2 70 297 100
1369387634.746652 1 96 334 100
1369387635.750660 2 66 260 100
1369387636.754666 2 80 194 100
1369387637.758656 2 144 504 100
1369387638.762658 1 87 331 100
1369387639.766665 1 130 388 100
1369387640.770661 1 91 339 100
1369387641.774663 1 114 345 100
1369387642.778710 2 99 288 100
1369387643.782648 1 90 275 100
1369387644.786657 1 75 308 100
1369387645.790663 2 148 390 100
1369387646.794647 1 97 444 100
1369387647.798680 1 166 429 100
1369387648.802677 1 131 473 100
1369387649.806657 1 98 339 100
1369387650.810656 1 84 311 100
1369387651.814678 2 85 276 100
1369387652.818663 1 111 311 100
1369387653.822660 2 155 463 100
1369387654.826662 2 154 490 100
1369387655.830660 1 218 610 100
1369387656.834669 1 59 169 100
1369387657.838677 1 93 303 100
1369387658.842664 2 86 287 100
1369387659.846679 1 121 397 100
1369387660.850664 2 63 182 100
1369387661.854645 1 61 199 100
1369387662.858670 1 50 160 100
1369387663.862669 1 59 163 100
1369387664.866647 1 125 430 100
1369387665.870667 1 137 442 100
1369387666.874664 1 164 397 100
1369387667.878642 1 135 394 100
1369387668.882655 1 122 398 100
1369387669.886705 2 240 662 100
1369387670.890663 6 756 1688 94
1369387671.894667 1 839 2538 79
1369387672.898686 1 600 2580 55
1369387673.902679 1 450 3476 51
1369387674.906648 1 64 1055 51
1369387675.910681 1 436 1114 100
1369387676.914658 5 835 1695 90
1369387677.918686 1 962 2856 66
1369387678.922645 1 669 2869 57
1369387679.926633 1 57 385 40
1369387680.930643 1 501 1179 100
1369387681.934649 6 754 2039 91
1369387682.938638 1 881 2658 72
1369387683.942644 1 667 2920 45
1369387684.946644 1 264 1723 51
1369387685.950662 1 46 243 42
1369387686.954691 1 417 1104 100
1369387687.958661 6 740 2090 94
1369387688.962626 33 996 2481 86
1369387689.966646 1 972 3952 42
1369387690.970615 1 1752 4579 64
1369387691.974657 1 717 5020 41
1369387692.978635 1 8 84 14
1369387693.982662 3 261 891 100
1369387694.986636 29 885 1875 100
1369387695.990641 1 969 2669 73
1369387696.994708 2 931 3086 54
1369387697.998659 1 351 2384 39
1369387699.002646 1 13 107 23
1369387700.006662 1 205 609 100
1369387701.010651 2 860 1680 100
1369387702.014671 3 818 2587 66
1369387703.018646 1 841 3261 58
1369387704.022674 1 293 2376 43
1369387705.026654 1 45 342 43
1369387706.030684 1 304 941 95
1369387707.034689 45 691 1752 100
1369387708.038656 2 990 2413 79
1369387709.042659 1 998 3205 61
1369387710.046683 1 216 2127 35
1369387711.050682 1 88 541 38
1369387712.054683 2 499 1354 92
1369387713.058679 1 829 2365 84
1369387714.062657 2 903 2909 60
1369387715.066648 1 915 3203 59
1369387716.070632 1 186 2072 37
1369387717.074688 1 59 314 62
1369387718.078692 30 506 1288 100
1369387719.082668 122 1076 1801 100
1369387720.086668 2 1610 3052 80
1369387721.090657 1 844 3421 53
1369387722.094685 1 74 2140 25
1369387723.098647 1 63 422 57
1369387724.102678 2 777 1497 100
1369387725.106665 2 869 2356 77
1369387726.110658 2 897 2961 61
1369387727.114682 1 221 2098 37
1369387728.118643 1 102 555 58
1369387729.122674 2 397 1009 100
1369387730.126636 11 823 2104 96
1369387731.130662 2 867 2767 50
1369387732.134656 3 1270 4019 50
1369387733.138645 3 1081 4554 30
1369387734.142678 2 1409 6436 32
1369387735.146653 2 1680 6520 29
1369387736.150639 8 1902 8002 24
1369387737.154684 3 860 7900 13
1369387738.158656 2 1312 8943 18
1369387739.162658 2 3 8 0
1369387740.166653 1 4 37 5
1369387741.170652 20 237 741 65
1369387742.174694 42 569 1298 78
1369387743.178662 9 799 2108 64
1369387744.182654 6 1985 3329 73
1369387745.186646 2 969 4318 32
1369387746.190666 19 1884 5342 53
1369387747.194683 8 2433 7002 39
1369387748.198688 7 3048 7448 42
1369387749.202666 1 1912 8548 24
1369387750.206656 2 970 9298 14
1369387751.210655 1 3 6 0
1369387752.214650 1 33 391 13
1369387753.218666 3 362 1192 75
1369387754.222656 462 1177 1675 100
1369387755.226675 7 1078 2204 62
1369387756.230664 2 1203 3246 41
1369387757.234679 2 1117 4707 31
1369387758.238667 3 2114 5800 42
1369387759.242695 3 1669 6942 31
1369387760.246654 1 1656 7714 25
1369387761.250659 1 1201 8265 15
1369387762.254657 2 922 8915 14
1369387763.258683 1 5 83 5
1369387764.262658 1 44 244 28
1369387765.266655 3 432 1090 100
1369387766.270655 12 814 2447 62
1369387767.274681 3 616 2730 31
1369387768.278656 2 1811 3917 64
1369387769.282663 4 1188 4563 29
1369387770.286647 4 2037 5821 46
1369387771.290662 1 1847 7069 30
1369387772.294642 2 1872 8079 19
1369387773.298662 2 2050 9121 28
1369387774.302660 2 1276 10122 17
1369387775.306656 2 47 3009 2
1369387776.310685 1 13 184 11
1369387777.314661 3 52 305 32
1369387778.318674 295 912 1620 100
1369387779.322680 10 686 2564 29
1369387780.326664 2 1136 3145 56
1369387781.330694 3 1408 4760 35
1369387782.334679 2 1027 4790 24
1369387783.338667 1 1362 6560 22
1369387784.342657 13 1296 7293 22
1369387785.346685 1 2154 8363 33
1369387786.350663 2 110 4717 3
1369387787.354672 2 46 474 28
1369387788.358672 13 590 1493 100
1369387789.362670 50 1100 2166 62
1369387790.366646 2 848 3292 33
1369387791.370648 3 1288 4178 40
1369387792.374646 3 2093 4731 54
1369387793.378643 358 1638 3220 50
1369387803.418649 106 11331 16053 41
1369387804.422648 6 5866 16660 30
1369387808.438647 3738 9833 15698 0
1369387809.442664 71 5778 21281 17
1369387810.446656 202 8589 22753 5
1369387811.450662 3 6589 24436 14
1369387812.454649 4 3066 25328 11
1369387813.458653 2 2987 24905 12
1369387814.462731 23 3607 26745 12
1369387815.466635 3 4946 28204 17
1369387816.470662 1 2692 29395 9
1369387817.474659 3 5289 30613 17
1369387818.478662 3 4605 31311 15
1369387819.482664 2 19 107 0
1369387820.486651 2 3 7 0
1369387821.490645 2 3 5 0
1369387822.494668 2 11 81 1
1369387823.498665 2 203 793 13
1369387824.502663 41 265 880 33
1369387825.506652 123 651 2171 89
1369387826.510647 2 1084 2663 80
1369387827.514666 3 846 2210 33
1369387828.518650 99 1285 3856 15
1369387829.522663 3 963 5871 16
1369387830.526651 2 1641 6919 26
1369387831.530647 39 3009 7435 38
1369387832.534690 4 1380 9692 14
1369387833.538650 1 1279 9774 9
1369387834.542654 9 1250 8598 11
1369387835.546658 3 2373 11600 20
1369387836.550654 3 2736 12935 19
1369387837.554664 39 1708 13683 7
1369387838.558652 2 2279 14247 13
1369387839.562655 8 1410 15594 7
1369387840.566656 7 2086 16853 11
1369387841.570647 3 267 627 0
1369387842.574652 1458 4189 18865 13
1369387843.578666 44 4502 19859 20
1369387844.582657 2 853 20831 4
1369387845.586658 2 3 6 0
1369387846.590644 2 3 8 0
1369387847.594667 1 13 208 2
1369387848.598655 10 365 1165 100
1369387850.606663 3 772 2264 33
1369387851.610700 39 2000 3946 60
1369387852.614682 2 1681 4811 50
1369387853.618707 2 2199 5482 44
1369387854.622675 3 2271 7100 40
1369387855.626669 4 1122 7212 15
1369387856.630653 1 2257 8932 26
1369387857.634674 2 2217 10212 25
1369387858.638651 2 1771 11031 18
1369387859.642649 2 3 5 0
1369387860.646650 1 3 13 1
1369387861.650648 2 56 361 35
1369387862.654654 224 695 1113 100
1369387863.658644 15 818 2068 78
1369387864.662656 52 1892 3588 81
1369387865.666681 2 1692 4384 54
1369387866.670661 2 1593 5590 37
1369387867.674665 3 1525 6307 29
1369387868.678693 3 1852 7434 30
1369387869.682712 2 1472 8170 22
1369387870.686650 2 10 102 0
1369387871.690646 2 45 349 16
1369387872.694648 1 181 1325 26
1369387873.698639 56 646 1625 100
1369387874.702647 2 1240 3224 50
1369387875.706667 23 1647 4507 53
1369387876.710649 13 352 1902 12
1369387877.714640 3 2096 6028 44
1369387878.718678 1 2370 6764 40
1369387879.722668 2 1698 7874 27
1369387880.726660 2 1032 8815 16
1369387881.730675 1 12 155 2
1369387882.734648 3 185 641 18
1369387883.738693 104 762 1689 78
1369387884.742663 8 1322 2910 67
1369387885.746651 66 1321 3965 48
1369387886.750649 3 841 3362 28
1369387887.754674 41 1558 5897 30
1369387888.758664 12 2280 6371 46
1369387889.762651 2 1693 7590 28
1369387890.766685 1 2383 8856 33
1369387891.770700 2 638 9295 11
1369387892.774648 2 3 6 0
1369387893.778646 1 120 750 45
1369387894.782646 10 1068 1704 100
1369387895.786649 3 522 2151 44
1369387896.790645 3 1355 3433 50
1369387897.794647 2 1398 4300 40
1369387898.798709 2 1231 5947 33
1369387899.802645 2 1571 6653 31
1369387900.806665 3 1517 7489 26
1369387901.810651 2 883 7758 16
1369387902.814645 2 3 21 1
1369387903.818670 2 34 352 25
1369387904.822658 3 502 1433 100
1369387905.826693 3 1216 2245 71
1369387906.830652 3 1471 3220 74
1369387907.834681 2 1279 3590 38
1369387908.838663 6 1712 5205 39
1369387909.842646 4 1028 5960 21
1369387910.846678 5 1779 7180 29
1369387911.850664 1 2896 8417 42
1369387912.854675 2 534 8378 7
1369387913.858669 1 4 52 3
1369387914.862669 1 19 178 29
1369387915.866656 4 579 1049 100
1369387916.870663 2 776 1977 88
1369387917.874679 4 1068 2734 79
1369387918.878656 1 824 2939 58
1369387919.882658 1 77 2271 33
1369387920.886649 3 332 854 94
1369387921.890658 2 737 1588 91
1369387922.894691 7 1152 2285 90
1369387923.898686 1 547 2660 43
1369387924.902636 1 362 2825 47
1369387925.906644 1 93 466 46
1369387926.910646 24 563 1177 100
1369387927.914659 2 705 1696 90
1369387928.918696 2 1105 2899 66
1369387929.922666 1 905 3662 47
1369387930.926662 1 487 2991 47
1369387931.930660 1 23 319 20
1369387932.934653 1 213 889 100
1369387933.938658 3 900 1734 100
1369387934.942673 2 1067 2672 76
1369387935.946651 2 763 3234 52
1369387936.950651 1 268 3231 38
1369387937.954650 1 19 97 36
1369387938.958664 3 149 562 100
1369387939.962702 4 798 1711 100
1369387940.966668 2 1282 2562 81
1369387941.970676 1 744 3362 46
1369387942.974665 1 282 3381 39
1369387943.978666 1 25 187 33
1369387944.982648 2 171 609 84
1369387945.986651 1 555 1258 100
1369387946.990663 3 1164 2197 95
1369387947.994651 1 998 2824 71
1369387948.998638 1 621 3564 46
1369387950.002641 1 35 348 28
1369387951.006643 2 182 720 87
1369387952.010654 3 560 1170 100
1369387953.014687 2 813 2149 92
1369387954.018659 1 924 2903 70
1369387955.022681 1 996 3255 53
1369387956.026649 1 105 1432 26
1369387957.030704 1 262 795 89
1369387958.034657 66 863 1711 100
1369387959.038655 1 1207 2761 76
1369387960.042654 1 963 3395 57
1369387961.046649 1 313 2221 36
1369387962.050639 1 28 184 39
1369387963.054649 1 100 611 80
1369387964.058648 4 721 1573 100
1369387965.062665 2 810 2313 79
1369387966.066648 1 860 3165 58
1369387967.070653 1 425 3319 49
1369387968.074658 1 88 485 45
1369387969.078689 2 363 1224 84
1369387970.082648 2 830 1825 89
1369387971.086654 1 1022 2741 76
1369387972.090643 1 494 2887 50
1369387973.094665 1 20 89 41
1369387974.098658 1 82 339 82
1369387975.102670 1 142 418 100
1369387976.106659 1 100 277 100
1369387977.110664 2 144 315 100
1369387978.114654 1 116 498 100
1369387979.118664 1 83 309 100
1369387980.122653 1 79 352 100
1369387981.126673 1 87 402 100
1369387982.130665 2 140 407 100
1369387983.134655 1 57 237 100
1369387984.138665 1 92 285 100
1369387985.142643 2 76 217 100
1369387986.146660 1 67 234 100
1369387987.150665 1 71 222 100
1369387988.154652 1 76 175 100
1369387989.158676 1 86 336 100
1369387990.162667 2 137 379 100
1369387991.166660 1 73 250 100
1369387992.170664 1 75 228 100
1369387993.174674 2 69 275 100
1369387994.178664 1 74 262 100
1369387995.182670 1 95 316 100
1369387996.186653 1 77 232 100
1369387997.190655 1 139 449 100
1369387998.194642 1 67 292 100
1369387999.198675 2 106 310 100
1369388000.202668 1 103 436 100
1369388001.206653 1 59 177 100
1369388002.210653 1 94 443 100
1369388003.214660 1 155 512 100
1369388004.218640 1 144 425 100
1369388005.222657 2 81 258 100
1369388006.226646 1 155 535 100
1369388007.230665 1 61 240 100
1369388008.234675 2 58 181 100
1369388009.238659 2 57 185 100
1369388010.242649 1 82 221 100
1369388011.246651 1 124 381 100
1369388012.250650 1 137 438 100
1369388013.254652 2 192 702 100
1369388014.258651 1 208 854 100
1369388015.262652 1 165 500 100
1369388016.266660 1 158 511 100
1369388017.270659 1 65 219 100
1369388018.274647 1 127 460 100
1369388019.278660 1 76 381 100
1369388020.282648 2 104 303 100
1369388021.286659 1 97 335 100
1369388022.290668 1 67 202 100
1369388023.294673 2 105 298 100
1369388024.298657 2 151 418 100
1369388025.302657 1 87 335 100
1369388026.306650 1 67 186 100
1369388027.310650 1 97 220 100
1369388028.314660 1 113 353 100
1369388029.318665 1 133 444 100
1369388030.322653 1 222 627 100
1369388031.326647 1 147 468 100
1369388032.330671 1 88 384 100
1369388033.334675 1 104 336 100
1369388034.338667 1 56 175 100
1369388035.342676 1 99 301 100
1369388036.346639 1 84 270 100
1369388037.350660 1 83 270 100
1369388038.354658 1 193 430 100
1369388039.358667 1 83 288 100
1369388040.362676 2 100 386 100
1369388041.366653 1 93 308 100
1369388042.370646 1 127 324 100
1369388043.374656 1 178 519 100
1369388044.378664 1 189 585 100
1369388045.382656 1 144 434 100
1369388046.386655 2 60 191 100
1369388047.390622 1 52 145 100
1369388048.394655 2 116 339 100
1369388049.398659 1 82 231 100
1369388050.402674 2 161 449 100
1369388051.406658 1 134 717 100
1369388052.410654 1 82 271 100
1369388053.414661 1 112 406 100
1369388054.418650 1 172 491 100
1369388055.422672 2 68 247 100
1369388056.426690 1 159 372 100
1369388057.430660 1 82 303 100
1369388058.434660 1 97 359 100
1369388059.438661 1 267 706 100
1369388060.442674 1 148 424 100
1369388061.446680 2 91 329 100
1369388062.450655 1 58 282 100
1369388063.454659 1 154 538 100
1369388064.458676 2 61 264 100
1369388065.462644 2 84 250 100
1369388066.466655 1 117 385 100
1369388067.470654 1 149 430 100
1369388068.474655 2 94 395 100
1369388069.478666 1 71 216 100
1369388070.482657 1 51 196 100
1369388071.486666 1 142 520 100
1369388072.490657 1 111 352 100
1369388073.494644 2 64 227 100
1369388074.498655 2 94 327 100
1369388075.502649 1 82 391 100
1369388076.506662 1 100 323 100
1369388077.510675 2 165 548 100
1369388078.514654 1 264 662 100
1369388079.518641 1 288 710 100
1369388080.522654 2 129 342 100
1369388081.526707 2 196 444 100
1369388082.530651 2 73 331 100
1369388083.534663 1 100 307 100
1369388084.538643 1 141 379 100
1369388085.542654 1 71 282 100
1369388086.546676 1 56 189 100
1369388087.550649 2 139 414 100
1369388088.554651 1 275 830 100
1369388089.558668 1 241 613 100
1369388090.562701 1 169 453 100
1369388091.566643 1 94 417 100
1369388092.570662 1 83 291 100
1369388093.574646 1 140 477 100
1369388094.578643 2 95 314 100
1369388095.582650 1 63 191 100
1369388096.586650 1 119 357 100
1369388097.590649 2 48 132 100
1369388098.594647 1 79 227 100
1369388099.598658 1 99 281 100
1369388100.602646 2 71 194 100
1369388101.606662 1 61 201 100
1369388102.610662 1 59 177 100
1369388103.614653 1 65 208 100
1369388104.618663 1 137 576 100
1369388105.622668 1 110 324 100
1369388106.626666 2 75 295 100
1369388107.630657 1 167 528 100
1369388108.634648 1 135 466 100
1369388109.638674 1 77 274 100
1369388110.642638 1 62 222 100
1369388111.646666 1 146 420 100
1369388112.650663 1 74 317 100
1369388113.654664 1 132 367 100
1369388114.658654 1 84 323 100
1369388115.662649 1 100 301 100
1369388116.666643 1 176 564 100
1369388117.670651 2 150 397 100
1369388118.674655 1 102 402 100
1369388119.678656 1 106 373 100
1369388120.682664 1 74 208 100
1369388121.686675 1 49 123 100
1369388122.690670 1 149 382 99
